DISCORD_TOKEN=MTM5NjA5MjkzNjIwMTk2NTY0OQ.GY7kUd.Z1GpXGchqC1nOQBYlUIIEDUgKgzXSEw3TNGtFo
CLIENT_ID=1396092936201965649
GUILD_ID=1276499019518181486
MISSION_CHANNEL_ID=1396098422443999272
ROLE_FORUM_CHANNEL_IDS=1394979556682891294,1394980497439850577,1394980922511851591,1394981079810572308,1394981258743910492,1394988008075300926,1394981330768494602,1394987944560951326,1394984092071760003,1394984779958583316,1394985051493503007,1394985377177145447,1394985498631733258,1394985607771459664,1394985661471133747,1394986442773631016,1394986543763947570,1394986625418662030,1394986902179811428,1394987035315408916,1394987509112508507,1394987576145870949,1394987618323660830,1394987674116423811,1394987762339414168,1394987815514931290,1400682914785787964,1400683654388387951,1400683986094657708,1400684056827531346,1400684212851572767,1400684264064024576,1400684434084069496,1400684985882640496,1396142045634232451,1396142282951884830,1396142477022593054,1396142829750718597
EMOJI_MISSION_PICK=📜 
RANK_ROLE_E=1395318696582320248
RANK_ROLE_D=1395319580435546163
RANK_ROLE_C=1395320321854148638
RANK_ROLE_B=1395320935615299596
RANK_ROLE_A=1395321590324924556
RANK_ROLE_S=1395322432503681076